# Candidate box sizes by surface area
46  (5, 3, 1), (7, 2, 1), (11, 1, 1)
54  (3, 3, 3), (6, 3, 1), (13, 1, 1)
58  (5, 4, 1), (9, 2, 1), (14, 1, 1)
62  (5, 3, 2), (7, 3, 1), (15, 1, 1)
64  (4, 4, 2), (7, 2, 2), (10, 2, 1)
70  (5, 5, 1), (8, 3, 1), (11, 2, 1), (17, 1, 1)
78  (5, 3, 3), (7, 4, 1), (9, 3, 1),  (19, 1, 1)
82  (6, 5, 1), (7, 3, 2), (13, 2, 1), (20, 1, 1)
88  (6, 4, 2), (8, 4, 1), (10, 2, 2), (14, 2, 1)
90  (5, 5, 2), (6, 3, 3), (22, 1, 1)
94  (5, 4, 3), (7, 5, 1), (11, 3, 1), (15, 2, 1), (23, 1, 1)
96  (4, 4, 4), (6, 6, 1), (11, 2, 2)
102 (7, 3, 3), (9, 3, 2), (12, 3, 1), (25, 1, 1)

# Current smallest known solution
106 (8, 5, 1), (17, 2, 1), (26, 1, 1)
